
     v1  v2  v3  v4  v5  v6  b1  b2  b3  b4  b5  b6  b7  b8  b9

     -1   1   0   0   0   0   0   0   0   0   0   0   0   0   0     #Gp
     -1   1   0   0   0   0   0   0   0   0   0   0   0   0   0     #RNAP
      1  -1   0   0   0   0   0   0   0   0   0   0   0   0   0     #G*
      0  -n   0   0   0   0   0   1   0   0   0   0   0   0   0     #NTP
      0   1  -1  -1   1   0   0   0   0   0   0   0   0   0   0     #mRNA
      0  2n   0   0  2a   2   0   0   0   0   0   0   0   0  -1     #Pi
      0   0   1   0   0   0   0   0   0  -1   0   0   0   0   0     #NMP
      0   0   0  -1   1   0   0   0   0   0   0   0   0   0   0     #rib
      0   0   0   1  -1   0   0   0   0   0   0   0   0   0   0     #rib*
      0   0   0   0  -a   1   0   0   0   0   0   0   0   0   0     #AAtRNA
      0   0   0   0 -2a   0   0   0   0   0   0   0   1   0   0     #GTP
      0   0   0   0   a  -1   0   0   0   0   0   0   0   0   0     #tRNA
      0   0   0   0  2a   0   0   0   0   0   0   0   0  -1   0     #GDP
      0   0   0   0   1   0   0   0  -1   0   0   0   0   0   0     #protein
      0   0   0   0   0  -1   1   0   0   0   0   0   0   0   0     #AA
      0   0   0   0   0  -1   0   0   0   0   1   0   0   0   0     #ATP
      0   0   0   0   0   1   0   0   0   0   0  -1   0   0   0     #AMP
